     Lambda1/Lambda2   Magnitude of Lambda:
FE:  1                 1.01909
BE:  1                 0.981263
IT:  1                 1
LF:  1                 1

