>> lab3q1

U =

   -0.1409   -0.8247    0.5418   -0.0803
   -0.3439   -0.4263   -0.6626    0.5109
   -0.5470   -0.0278   -0.3003   -0.7809
   -0.7501    0.3706    0.4211    0.3503


S =

   25.4624         0         0
         0    1.2907         0
         0         0    0.0000
         0         0         0


V =

   -0.5045    0.7608   -0.4082
   -0.5745    0.0571    0.8165
   -0.6445   -0.6465   -0.4082


Rank1Aprox =

    1.8098    2.0608    2.3119
    4.4186    5.0314    5.6443
    7.0273    8.0021    8.9768
    9.6361   10.9727   12.3093


RelativeError1 =

    0.0506


RelativeError2 =

    0.0506
