Question2 c:

p =

   361
